plane 1, line 1
1 0 0.980067 0 0.921061
0 0.825336 0 0.696707 0
plane 1, line 2
0.980067 0 0.960531 0.0394695 0.902701
0.0773655 0.808884 0.112177 0.682819 0.142517
plane 1, line 3
0.921061 0 0.902701 0.0773655 0.848353
0.151647 0.760184 0.219882 0.641709 0.279352
plane 1, line 4
0.825336 0 0.808884 0.112177 0.760184
0.219882 0.681179 0.318821 0.575017 0.40505
plane 1, line 5
0.696707 0 0.682819 0.142517 0.641709
0.279352 0.575017 0.40505 0.4854 0.5146
plane 2, line 1
1 0 0.980067 0 0.921061
0 0.825336 0 0.696707 0
plane 2, line 2
0.980067 0 0.960531 0.0394695 0.902701
0.0773655 0.808884 0.112177 0.682819 0.142517
plane 2, line 3
0.921061 0 0.902701 0.0773655 0.848353
0.151647 0.760184 0.219882 0.641709 0.279352
plane 2, line 4
0.825336 0 0.808884 0.112177 0.760184
0.219882 0.681179 0.318821 0.575017 0.40505
plane 2, line 5
0.696707 0 0.682819 0.142517 0.641709
0.279352 0.575017 0.40505 0.4854 0.5146
plane 3, line 1
1 0 0.980067 0 0.921061
0 0.825336 0 0.696707 0
plane 3, line 2
0.980067 0 0.960531 0.0394695 0.902701
0.0773655 0.808884 0.112177 0.682819 0.142517
plane 3, line 3
0.921061 0 0.902701 0.0773655 0.848353
0.151647 0.760184 0.219882 0.641709 0.279352
plane 3, line 4
0.825336 0 0.808884 0.112177 0.760184
0.219882 0.681179 0.318821 0.575017 0.40505
plane 3, line 5
0.696707 0 0.682819 0.142517 0.641709
0.279352 0.575017 0.40505 0.4854 0.5146
plane 4, line 1
1 0 0.980067 0 0.921061
0 0.825336 0 0.696707 0
plane 4, line 2
0.980067 0 0.960531 0.0394695 0.902701
0.0773655 0.808884 0.112177 0.682819 0.142517
plane 4, line 3
0.921061 0 0.902701 0.0773655 0.848353
0.151647 0.760184 0.219882 0.641709 0.279352
plane 4, line 4
0.825336 0 0.808884 0.112177 0.760184
0.219882 0.681179 0.318821 0.575017 0.40505
plane 4, line 5
0.696707 0 0.682819 0.142517 0.641709
0.279352 0.575017 0.40505 0.4854 0.5146
plane 5, line 1
1 0 0.980067 0 0.921061
0 0.825336 0 0.696707 0
plane 5, line 2
0.980067 0 0.960531 0.0394695 0.902701
0.0773655 0.808884 0.112177 0.682819 0.142517
plane 5, line 3
0.921061 0 0.902701 0.0773655 0.848353
0.151647 0.760184 0.219882 0.641709 0.279352
plane 5, line 4
0.825336 0 0.808884 0.112177 0.760184
0.219882 0.681179 0.318821 0.575017 0.40505
plane 5, line 5
0.696707 0 0.682819 0.142517 0.641709
0.279352 0.575017 0.40505 0.4854 0.5146
