plane 0, line 0
1 0 0.980072 0 0.921065
0 0.82533 0 0.696712 0
plane 0, line 1
0.980072 0 0.960525 0.0394751 0.902708
0.0773632 0.808881 0.112184 0.682826 0.142519
plane 0, line 2
0.921065 0 0.902708 0.0773632 0.848356
0.151644 0.760189 0.219883 0.641703 0.279347
plane 0, line 3
0.82533 0 0.808881 0.112184 0.760189
0.219883 0.681178 0.318822 0.575021 0.405051
plane 0, line 4
0.696712 0 0.682826 0.142519 0.641703
0.279347 0.575021 0.405051 0.485405 0.514595
plane 1, line 0
1 0 0.980072 0 0.921065
0 0.82533 0 0.696712 0
plane 1, line 1
0.980072 0 0.960525 0.0394751 0.902708
0.0773632 0.808881 0.112184 0.682826 0.142519
plane 1, line 2
0.921065 0 0.902708 0.0773632 0.848356
0.151644 0.760189 0.219883 0.641703 0.279347
plane 1, line 3
0.82533 0 0.808881 0.112184 0.760189
0.219883 0.681178 0.318822 0.575021 0.405051
plane 1, line 4
0.696712 0 0.682826 0.142519 0.641703
0.279347 0.575021 0.405051 0.485405 0.514595
plane 2, line 0
1 0 0.980072 0 0.921065
0 0.82533 0 0.696712 0
plane 2, line 1
0.980072 0 0.960525 0.0394751 0.902708
0.0773632 0.808881 0.112184 0.682826 0.142519
plane 2, line 2
0.921065 0 0.902708 0.0773632 0.848356
0.151644 0.760189 0.219883 0.641703 0.279347
plane 2, line 3
0.82533 0 0.808881 0.112184 0.760189
0.219883 0.681178 0.318822 0.575021 0.405051
plane 2, line 4
0.696712 0 0.682826 0.142519 0.641703
0.279347 0.575021 0.405051 0.485405 0.514595
plane 3, line 0
1 0 0.980072 0 0.921065
0 0.82533 0 0.696712 0
plane 3, line 1
0.980072 0 0.960525 0.0394751 0.902708
0.0773632 0.808881 0.112184 0.682826 0.142519
plane 3, line 2
0.921065 0 0.902708 0.0773632 0.848356
0.151644 0.760189 0.219883 0.641703 0.279347
plane 3, line 3
0.82533 0 0.808881 0.112184 0.760189
0.219883 0.681178 0.318822 0.575021 0.405051
plane 3, line 4
0.696712 0 0.682826 0.142519 0.641703
0.279347 0.575021 0.405051 0.485405 0.514595
plane 4, line 0
1 0 0.980072 0 0.921065
0 0.82533 0 0.696712 0
plane 4, line 1
0.980072 0 0.960525 0.0394751 0.902708
0.0773632 0.808881 0.112184 0.682826 0.142519
plane 4, line 2
0.921065 0 0.902708 0.0773632 0.848356
0.151644 0.760189 0.219883 0.641703 0.279347
plane 4, line 3
0.82533 0 0.808881 0.112184 0.760189
0.219883 0.681178 0.318822 0.575021 0.405051
plane 4, line 4
0.696712 0 0.682826 0.142519 0.641703
0.279347 0.575021 0.405051 0.485405 0.514595
