0 0.001
0.007 0.008
0.014 0.015
0.047 0.048
0.054 0.055
0.061 0.062
0.094 0.095
0.101 0.102
0.108 0.109
0.141 0.142
0.148 0.149
0.155 0.156
0.211 0.212
0.218 0.219
0.225 0.226
0.258 0.259
0.265 0.266
0.272 0.273
0.305 0.306
0.312 0.313
0.319 0.32
0.352 0.353
0.359 0.36
0.366 0.367
0.422 0.423
0.429 0.43
0.436 0.437
0.469 0.47
0.476 0.477
0.483 0.484
0.516 0.517
0.523 0.524
0.53 0.531
0.563 0.564
0.57 0.571
0.577 0.578
0.633 0.634
0.64 0.641
0.647 0.648
0.68 0.681
0.687 0.688
0.694 0.695
0.727 0.728
0.734 0.735
0.741 0.742
0.774 0.775
0.781 0.782
0.788 0.789
0.844 0.845
0.851 0.852
0.858 0.859
0.891 0.892
0.898 0.899
0.905 0.906
0.938 0.939
0.945 0.946
0.952 0.953
0.985 0.986
0.992 0.993
0.999 1
